center_x = 4.794764705882352
center_y = 12.300647058823529
center_z = 13.011000000000001
size_x = 20.021

size_y = 20.021

size_z = 20.021
