center_x = 2.3684545454545454
center_y = 11.466272727272726
center_z = 19.477454545454545
size_x = 20.021

size_y = 20.021

size_z = 20.021
