center_x = 2.620848101265823
center_y = 9.903113924050633
center_z = 24.610911392405065
size_x = 20.755

size_y = 20.755

size_z = 20.755
