center_x = 1.7809166666666665
center_y = 11.064666666666668
center_z = 20.943166666666666
size_x = 20.021

size_y = 20.021

size_z = 20.021
