center_x = 1.5478181818181818
center_y = 10.942
center_z = 21.027409090909092
size_x = 20.021

size_y = 20.021

size_z = 20.021
