center_x = 1.1345833333333333
center_y = 12.681611111111112
center_z = 21.729027777777773
size_x = 20.021

size_y = 20.021

size_z = 20.021
