center_x = 1.9461379310344828
center_y = 12.153172413793103
center_z = 22.506482758620688
size_x = 20.021

size_y = 20.021

size_z = 20.021
