center_x = 0.42253333333333326
center_y = 11.165600000000001
center_z = 20.56776666666666
size_x = 20.021

size_y = 20.021

size_z = 20.021
