center_x = 2.0286666666666666
center_y = 13.805
center_z = 17.513666666666666
size_x = 20.021

size_y = 20.021

size_z = 20.021
