center_x = 2.4468333333333336
center_y = 10.89925
center_z = 20.793916666666668
size_x = 20.021

size_y = 20.021

size_z = 20.021
