center_x = 2.5894666666666666
center_y = 8.597199999999999
center_z = 12.700466666666667
size_x = 20.021

size_y = 20.021

size_z = 20.021
