center_x = 1.1459599999999999
center_y = 11.503720000000001
center_z = 20.637479999999996
size_x = 20.021

size_y = 20.021

size_z = 20.021
