center_x = 3.2577826086956523
center_y = 10.02491304347826
center_z = 22.60565217391304
size_x = 20.021

size_y = 20.021

size_z = 20.021
