center_x = 3.076505742502185
center_y = 14.037169827256921
center_z = 18.08276642835584
size_x = 20.021

size_y = 20.021

size_z = 20.021
