center_x = 2.620848101265823
center_y = 9.903113924050633
center_z = 24.610911392405065
size_x = 21.395

size_y = 21.395

size_z = 21.395
