center_x = 3.1023478260869557
center_y = 11.661391304347825
center_z = 22.017739130434787
size_x = 20.021

size_y = 20.021

size_z = 20.021
