center_x = 3.7845
center_y = 10.463428571428574
center_z = 17.54585714285714
size_x = 20.021

size_y = 20.021

size_z = 20.021
