center_x = 3.66562962962963
center_y = 10.770888888888889
center_z = 21.896925925925924
size_x = 20.021

size_y = 20.021

size_z = 20.021
