center_x = 2.8099
center_y = 12.491166666666665
center_z = 21.89903333333334
size_x = 20.021

size_y = 20.021

size_z = 20.021
