center_x = 3.266
center_y = 12.547791666666667
center_z = 20.852166666666665
size_x = 20.021

size_y = 20.021

size_z = 20.021
