center_x = 3.0321904761904763
center_y = 11.327238095238096
center_z = 19.286190476190473
size_x = 20.021

size_y = 20.021

size_z = 20.021
