center_x = 1.0193157894736844
center_y = 12.193263157894737
center_z = 21.35002631578947
size_x = 20.021

size_y = 20.021

size_z = 20.021
