center_x = 3.2607142857142857
center_y = 11.509535714285716
center_z = 18.434607142857143
size_x = 20.021

size_y = 20.021

size_z = 20.021
