center_x = 5.216444444444444
center_y = 11.880444444444445
center_z = 10.493888888888888
size_x = 20.021

size_y = 20.021

size_z = 20.021
