center_x = 2.620848101265823
center_y = 9.903113924050633
center_z = 24.610911392405065
size_x = 15.169

size_y = 15.169

size_z = 15.169
