center_x = 0.018615384615384548
center_y = 11.295807692307694
center_z = 21.60930769230769
size_x = 20.021

size_y = 20.021

size_z = 20.021
