center_x = 4.119149999999999
center_y = 11.630225
center_z = 22.535200000000003
size_x = 20.021

size_y = 20.021

size_z = 20.021
