center_x = 2.754083333333333
center_y = 12.866861111111113
center_z = 20.644722222222224
size_x = 20.021

size_y = 20.021

size_z = 20.021
