center_x = 2.6875789473684213
center_y = 10.650315789473687
center_z = 21.751263157894737
size_x = 20.021

size_y = 20.021

size_z = 20.021
