center_x = -0.3113939393939395
center_y = 11.761666666666667
center_z = 21.305545454545456
size_x = 20.021

size_y = 20.021

size_z = 20.021
