center_x = 1.1251627886884434
center_y = 10.763093005779178
center_z = 25.175651151080466
size_x = 15.0
size_y = 15.0
size_z = 15.0