center_x = -0.27709090909090917
center_y = 11.61109090909091
center_z = 21.652136363636362
size_x = 20.021

size_y = 20.021

size_z = 20.021
