center_x = 2.3346666666666667
center_y = 11.565333333333335
center_z = 20.709833333333332
size_x = 20.021

size_y = 20.021

size_z = 20.021
