center_x = 1.8084864864864865
center_y = 11.5262972972973
center_z = 18.465648648648646
size_x = 20.021

size_y = 20.021

size_z = 20.021
