center_x = 0.8339615384615386
center_y = 11.269538461538462
center_z = 20.355038461538467
size_x = 20.021

size_y = 20.021

size_z = 20.021
