center_x = -0.32022222222222213
center_y = 11.848555555555553
center_z = 21.40577777777778
size_x = 20.021

size_y = 20.021

size_z = 20.021
