center_x = 3.747333333333334
center_y = 12.364366666666667
center_z = 19.966066666666666
size_x = 20.021

size_y = 20.021

size_z = 20.021
