center_x = 3.488514285714286
center_y = 12.592057142857142
center_z = 21.413571428571426
size_x = 20.021

size_y = 20.021

size_z = 20.021
