center_x = 3.1306000000000003
center_y = 12.146166666666666
center_z = 21.7642
size_x = 20.021

size_y = 20.021

size_z = 20.021
