center_x = 2.8586923076923076
center_y = 12.366000000000001
center_z = 19.047307692307694
size_x = 20.021

size_y = 20.021

size_z = 20.021
