center_x = 3.0648181818181817
center_y = 11.12321212121212
center_z = 18.063181818181818
size_x = 20.021

size_y = 20.021

size_z = 20.021
