center_x = 2.932
center_y = 15.394666666666666
center_z = 18.658666666666665
size_x = 20.021

size_y = 20.021

size_z = 20.021
