center_x = 3.39525
center_y = 7.53575
center_z = 22.091250000000002
size_x = 20.021

size_y = 20.021

size_z = 20.021
