center_x = 3.968727272727273
center_y = 10.776848484848486
center_z = 17.370151515151512
size_x = 20.021

size_y = 20.021

size_z = 20.021
