center_x = 1.7934062499999999
center_y = 10.77734375
center_z = 18.2601875
size_x = 20.021

size_y = 20.021

size_z = 20.021
