center_x = 3.113583333333333
center_y = 12.37825
center_z = 22.687361111111112
size_x = 20.021

size_y = 20.021

size_z = 20.021
