center_x = 2.5409032258064514
center_y = 12.238290322580644
center_z = 22.651129032258066
size_x = 20.021

size_y = 20.021

size_z = 20.021
