center_x = 2.457441176470588
center_y = 12.243617647058826
center_z = 21.11602941176471
size_x = 20.021

size_y = 20.021

size_z = 20.021
