center_x = 3.8288787878787875
center_y = 10.757909090909092
center_z = 17.78124242424242
size_x = 20.021

size_y = 20.021

size_z = 20.021
