center_x = 4.619421052631578
center_y = 13.219894736842107
center_z = 16.262526315789476
size_x = 20.021

size_y = 20.021

size_z = 20.021
