center_x = 2.620848101265823
center_y = 9.903113924050633
center_z = 24.610911392405065
size_x = 23.081

size_y = 23.081

size_z = 23.081
