center_x = 2.8295624999999998
center_y = 10.9976875
center_z = 20.947374999999997
size_x = 20.021

size_y = 20.021

size_z = 20.021
