center_x = 2.180142857142857
center_y = 11.224904761904762
center_z = 20.775142857142857
size_x = 20.021

size_y = 20.021

size_z = 20.021
