center_x = 3.2709999999999995
center_y = 15.596333333333334
center_z = 17.532666666666668
size_x = 20.021

size_y = 20.021

size_z = 20.021
