center_x = 3.8857115384615386
center_y = 10.137807692307693
center_z = 18.28671153846154
size_x = 20.021

size_y = 20.021

size_z = 20.021
