center_x = 4.4914736842105265
center_y = 11.811421052631578
center_z = 15.437631578947368
size_x = 20.021

size_y = 20.021

size_z = 20.021
