center_x = 3.8547407407407404
center_y = 11.445555555555554
center_z = 17.700592592592596
size_x = 20.021

size_y = 20.021

size_z = 20.021
