center_x = 0.9469268292682926
center_y = 12.258219512195122
center_z = 21.461048780487804
size_x = 20.021

size_y = 20.021

size_z = 20.021
