center_x = 2.721083333333333
center_y = 11.288583333333333
center_z = 21.661166666666663
size_x = 20.021

size_y = 20.021

size_z = 20.021
