center_x = -0.5028148148148149
center_y = 11.209407407407408
center_z = 21.775888888888886
size_x = 20.021

size_y = 20.021

size_z = 20.021
