center_x = 1.5722352941176472
center_y = 10.531176470588235
center_z = 21.430176470588236
size_x = 20.021

size_y = 20.021

size_z = 20.021
