center_x = 2.8808571428571423
center_y = 10.65857142857143
center_z = 21.06385714285714
size_x = 20.021

size_y = 20.021

size_z = 20.021
