center_x = 4.1378571428571425
center_y = 12.830428571428572
center_z = 13.306000000000001
size_x = 20.021

size_y = 20.021

size_z = 20.021
