center_x = 1.2753703703703703
center_y = 11.280555555555555
center_z = 21.03362962962963
size_x = 20.021

size_y = 20.021

size_z = 20.021
