center_x = -1.4393823529411767
center_y = 12.061382352941179
center_z = 21.489264705882356
size_x = 20.021

size_y = 20.021

size_z = 20.021
