center_x = 2.3414444444444444
center_y = 11.259
center_z = 18.050111111111118
size_x = 20.021

size_y = 20.021

size_z = 20.021
