center_x = 2.620848101265823
center_y = 9.903113924050633
center_z = 24.610911392405065
size_x = 17.206

size_y = 17.206

size_z = 17.206
