center_x = 5.218875000000001
center_y = 12.4095
center_z = 11.087625
size_x = 20.021

size_y = 20.021

size_z = 20.021
