center_x = 4.56293103448276
center_y = 11.61644827586207
center_z = 23.16337931034483
size_x = 20.021

size_y = 20.021

size_z = 20.021
