center_x = 3.851923076923077
center_y = 12.983192307692304
center_z = 18.25357692307692
size_x = 20.021

size_y = 20.021

size_z = 20.021
