center_x = 2.8487857142857145
center_y = 11.580571428571432
center_z = 20.374999999999996
size_x = 20.021

size_y = 20.021

size_z = 20.021
