center_x = 0.9451333333333333
center_y = 12.60191111111111
center_z = 21.842177777777774
size_x = 20.021

size_y = 20.021

size_z = 20.021
