center_x = 2.511636363636363
center_y = 13.112363636363636
center_z = 21.401000000000003
size_x = 20.021

size_y = 20.021

size_z = 20.021
