center_x = 2.417906976744186
center_y = 12.526767441860466
center_z = 19.373162790697677
size_x = 20.021

size_y = 20.021

size_z = 20.021
