center_x = 1.8237592592592593
center_y = 8.516537037037038
center_z = 23.80885185185185
size_x = 20.598

size_y = 20.598

size_z = 20.598
