center_x = 5.729384615384616
center_y = 12.258230769230769
center_z = 12.110000000000001
size_x = 20.021

size_y = 20.021

size_z = 20.021
