center_x = 3.7420888888888886
center_y = 12.019711111111112
center_z = 22.238199999999996
size_x = 20.021

size_y = 20.021

size_z = 20.021
