center_x = -0.021057142857142833
center_y = 11.665514285714286
center_z = 21.81177142857143
size_x = 20.021

size_y = 20.021

size_z = 20.021
