center_x = 4.5205
center_y = 12.998874999999998
center_z = 11.120375
size_x = 20.021

size_y = 20.021

size_z = 20.021
