center_x = 3.5214878048780487
center_y = 11.937829268292681
center_z = 19.6899512195122
size_x = 20.021

size_y = 20.021

size_z = 20.021
