center_x = 2.4224545454545456
center_y = 10.466818181818182
center_z = 18.581909090909086
size_x = 20.021

size_y = 20.021

size_z = 20.021
