center_x = 0.06351724137931039
center_y = 10.531068965517242
center_z = 21.758034482758625
size_x = 20.021

size_y = 20.021

size_z = 20.021
