center_x = 5.949249999999999
center_y = 12.459375000000001
center_z = 12.639624999999999
size_x = 20.021

size_y = 20.021

size_z = 20.021
