center_x = 2.956
center_y = 15.328333333333333
center_z = 17.834666666666667
size_x = 20.021

size_y = 20.021

size_z = 20.021
