center_x = -0.31867741935483845
center_y = 11.729096774193549
center_z = 20.88445161290323
size_x = 20.021

size_y = 20.021

size_z = 20.021
